.Random.seed <-
c(403L, 10L, 718103611L, 858327562L, 1902809580L, 1557907055L, 
272214437L, -1172303524L, -1914065614L, -359058387L, 100649703L, 
1994448910L, -70839832L, -123489301L, -609055607L, -2050099176L, 
-725317818L, 1085789601L, -323400653L, -161693278L, -1346882412L, 
1875706647L, -1854305011L, -961319900L, 2110151690L, 1979867509L, 
-1965270833L, 1421196246L, -984206464L, -1879267389L, -1855418015L, 
-699836464L, -1047404754L, -1289477415L, 885891307L, 1256870234L, 
1836776220L, -574943713L, 280573557L, -1297382644L, 430022370L, 
-504695875L, 1411884087L, 849618654L, -640323048L, 1439726971L, 
-1473497831L, -1873331800L, -1421120170L, -295309871L, 1369630083L, 
1647893522L, 1258985380L, 1392324455L, -1015296835L, 2114399284L, 
186867610L, -514933787L, 443430783L, -1197127930L, 447795344L, 
1098950963L, 575487697L, 2141908096L, -1698464418L, 314462889L, 
-631005861L, 99426154L, -826894836L, 1113857615L, -1495338235L, 
872948668L, 765138578L, 1756296589L, -1828731449L, -542361938L, 
177102600L, 1003584779L, -1467548695L, -225313608L, 707230566L, 
-1375309823L, 1897438867L, 1086619970L, 807300852L, 1542478583L, 
-803280147L, -1686477436L, -395621462L, 1315918101L, -1537762385L, 
1430242230L, 1681258976L, -219309789L, 736915009L, 1557250352L, 
-24751282L, -1770317383L, -1502141493L, -1961420678L, 889833852L, 
1261992383L, -1103071595L, 302001324L, -986884478L, 1833483869L, 
-910859945L, 58518590L, 1992925304L, 936692571L, 258643641L, 
-65492216L, 1955537334L, 1252515569L, -191506141L, -1783960718L, 
1099776452L, -55682681L, -387759267L, 848006484L, -1072980102L, 
493604549L, -1337442273L, -1627773018L, 1467611440L, -5983277L, 
-261355023L, 555650848L, 1696565694L, -1187636791L, -199377541L, 
-1275409590L, 1648180140L, -1383374161L, -1638743963L, -279629796L, 
1922735730L, -1764671251L, -1411165913L, 1539005774L, -355570264L, 
-1719789141L, -242453815L, 2104742616L, 1976049542L, -1566838175L, 
-1242133517L, 1617100386L, 1915390164L, 954946007L, 322278349L, 
1587394404L, 814269258L, 1911759541L, 226456079L, -1165405418L, 
-1822753344L, 45481347L, -833211487L, 297184144L, 388823150L, 
475848217L, 1616232107L, -1081924966L, -420659620L, -249103521L, 
-1918839499L, -2040077108L, 1046793762L, 152805501L, 243693943L, 
2004638L, 1660269912L, 1903670459L, -869455271L, 1625584104L, 
-1542691818L, 268758929L, -1013542845L, -1351280814L, -1549116444L, 
-1704132057L, -1697097091L, -6577292L, -2105655462L, -887195227L, 
2052683199L, 101377606L, 27362512L, 515866355L, -622745583L, 
-1546678720L, 637215262L, -735318807L, 637425179L, -1722849750L, 
-2143962804L, -1395768561L, 1210136133L, -2019135492L, 17061458L, 
1279470541L, 134776199L, 812236910L, 1625454664L, 823368267L, 
-843868247L, -1773111560L, -1938456026L, -1629332671L, 1688273107L, 
-1653332862L, 1759265460L, 1986786871L, -687219411L, 1694504516L, 
-691500182L, 1694496725L, -1622527633L, -550052746L, 557381536L, 
-1850560413L, 1635587329L, -644450192L, 1733788686L, -77237127L, 
-972741621L, 1981926714L, -684684228L, 1636167314L, -387242880L, 
1439313940L, -620741336L, 630943290L, 473124048L, -330013588L, 
1107526324L, 1735970834L, -1301522464L, -1517299764L, 1506901472L, 
-353479134L, 1172668712L, -2018060020L, -1508497860L, -1165037326L, 
1957462768L, -771849404L, -620531112L, -1863034310L, 1442971376L, 
571802812L, -8415724L, -1601046334L, -1125394336L, -67431044L, 
879432912L, -2126808030L, 214270632L, -297289844L, 1887998396L, 
1502368818L, -1610877120L, 545142964L, 719031112L, 956988090L, 
669595408L, 1206296812L, 597894228L, 418664210L, -664421472L, 
-992391220L, -1826780320L, -730197822L, 1604118056L, -1110645332L, 
1109016380L, 325736306L, -443618512L, 1483919908L, -1281181640L, 
-248027942L, -212301424L, 1080927996L, 1913384852L, 63261506L, 
510878208L, 302209596L, -118170032L, 58735266L, -663012536L, 
-542621172L, -2082718500L, -739317166L, -1866897280L, -1389876396L, 
-931153432L, -215115014L, -1219737776L, 1729829932L, -1032583820L, 
-29747566L, 2145258080L, 115266188L, -471020704L, -955976990L, 
87589032L, 1910534348L, 313211388L, 1034510258L, -1416927760L, 
114017732L, -284987560L, -1916798086L, 2063865264L, -458966596L, 
-1803413420L, -1574704190L, -1990728928L, 566575036L, 1775807056L, 
1165155810L, -771665560L, -859423412L, 1044617468L, -507497742L, 
1487800064L, 1892894324L, -897632248L, -957388358L, -1559705648L, 
-1380353556L, -1061118060L, -354569518L, -1690272160L, 1237849420L, 
-1860582112L, 365302402L, 101186024L, 106153964L, -1956747716L, 
-890552718L, 671941488L, 558344484L, 478753336L, -63680102L, 
-2055857712L, -242623044L, -2128938860L, -1526973310L, 1015698880L, 
1395204924L, 1332819088L, -1980173534L, -1614107128L, 1411284236L, 
747722140L, -1588101614L, 1992403840L, 622396180L, 1931022632L, 
-1470059462L, 1411193808L, 573911660L, 995207732L, -64243054L, 
-383640224L, -725231284L, 1007011808L, -2110921310L, -2131047000L, 
884803212L, 1300745660L, -582308238L, -344400912L, 233403972L, 
-1550596008L, 470759482L, -1623508880L, 739846204L, -1648420588L, 
1661522626L, 1245892320L, -1796917124L, -1393905968L, -449975902L, 
-1090740184L, 1165437708L, -168668740L, 92353330L, 1165277888L, 
-1777695692L, 1078052552L, -1788246854L, 1015531152L, 1318735596L, 
-113866156L, 2020893330L, -1103507168L, 716126668L, -29027616L, 
-1711249214L, -388500440L, -415774804L, -926887236L, -496768014L, 
1391504944L, -611928156L, 861789624L, -1328576678L, 787284112L, 
-2058038404L, 93700372L, 2039523650L, -1160144640L, 193465788L, 
-820098736L, -906036958L, 44147272L, 419506188L, 502113884L, 
1461598674L, 325611008L, -2103136940L, 898415848L, 1486813434L, 
1803132624L, 212400940L, -1327511308L, 1006166418L, -640989856L, 
842548236L, -2112971552L, -1985473950L, 2063119528L, -978779060L, 
1497362300L, 571992370L, 1346773616L, 212726596L, -932713512L, 
-5014662L, -1035454416L, -692990020L, -1282950572L, -1778581438L, 
358663840L, 1514328764L, 829694928L, 70677858L, 1362820840L, 
1256135884L, 1552673276L, -1107341838L, -2016871296L, -1497576972L, 
-1440065691L, -1668626577L, -1037620824L, -1679421690L, -1484563917L, 
469534869L, 1740667122L, 1249198400L, -311284055L, -1756088549L, 
814350572L, 1691532538L, 2114917679L, 1013575993L, 965342030L, 
-1293391460L, 1792451341L, 12813687L, 1864880512L, -156530722L, 
1404469419L, 692741037L, -654702566L, -1092481320L, 492371777L, 
-1071128589L, 1906582036L, 47737762L, 1922307255L, 174849665L, 
1165985414L, 1506664132L, -511352843L, -536844705L, -360300360L, 
1342997910L, -1194006621L, 376769381L, -1152562558L, 700385264L, 
-402185831L, -1624608885L, 1628433020L, -1992238934L, 1622538975L, 
2090788969L, 358343294L, 1378155116L, -1107560771L, -1190139001L, 
-529023120L, -95992306L, 829725499L, -1865701347L, -831123254L, 
1249119208L, -78792495L, 1142826179L, -136873020L, -103653262L, 
-1152945849L, -957113071L, 1285048470L, -1997271564L, 540032901L, 
-983449905L, 1676950472L, -908789146L, 1711563923L, -1053979659L, 
-1370886702L, -322806240L, 583843849L, 569627963L, -1044899700L, 
-696650470L, 623213455L, 1956332761L, -1117271186L, 3418876L, 
-1258760083L, -1112017897L, -334240288L, -916508226L, 320399243L, 
77441037L, 131104826L, -1500573576L, 1026464801L, -307429677L, 
-2092769804L, 576126594L, -866059497L, -2028619295L, 1339598630L, 
1357083172L, 359236821L, 1726723199L, -222897896L, -68032458L, 
1607089859L, -1037782267L, 871143074L, -2081295216L, 265348153L, 
-1730216725L, -1512423972L, -1454488566L, -603639041L, 1610246985L, 
-1669668642L, -975872372L, 1676597853L, 1424013415L, -1346706032L, 
917579182L, 1519345755L, -1541576643L, 1094790826L, -1221854392L, 
1538969457L, 365680867L, -1595252764L, 1709668114L, 1874062055L, 
-1642730319L, -1779294474L, 1300900116L, 478309925L, 290423599L, 
-1316502296L, 1337238982L, 1868555379L, 387264213L, -160090958L, 
1898510464L, 976049257L, -565206821L, 1056113708L, 1582685242L, 
2085554927L, -698239623L, -1782126066L, 568916956L, 1970500685L, 
-1164400713L, -1480861376L, -1321803746L, -57325845L, -2110847379L, 
